{
  "advancedEditorSelectedIdentifier" : "ProjectBrowser",
  "openSceneRelativePaths" : [
    "Scene.usda",
    "Materials\/GridMaterial.usda",
    "ClamScene.usda",
    "FishScene.usda",
    "SlugScene.usda",
    "StarfishScene.usda"
  ],
  "recentIdentifiers" : {

  },
  "sceneCameraHistory" : {
    "6B68ECB8-6EE7-4958-8397-73DBF3C6B8F9" : [
      {
        "date" : 742395607.887982,
        "title" : "Untitled",
        "transform" : [
          0.99999994,
          0,
          0,
          0,
          0,
          0.8660254,
          -0.49999994,
          0,
          0,
          0.49999994,
          0.8660254,
          0,
          0,
          0.3192221,
          0.55290896,
          1
        ]
      },
      {
        "date" : 742395488.667956,
        "title" : "Untitled",
        "transform" : [
          0.99999994,
          0,
          0,
          0,
          0,
          0.8660254,
          -0.49999994,
          0,
          0,
          0.49999994,
          0.8660254,
          0,
          0,
          0.04456151,
          0.07718281,
          1
        ]
      },
      {
        "date" : 742395483.110284,
        "title" : "Untitled",
        "transform" : [
          0.99999994,
          0,
          -0,
          0,
          -0,
          0.8660254,
          -0.49999994,
          0,
          0,
          0.49999994,
          0.8660254,
          0,
          0,
          0.19901821,
          0.3447097,
          1
        ]
      }
    ],
    "8E2BD2DB-5E0D-4E11-9329-CBA4592CF53B" : [
      {
        "date" : 742395622.566801,
        "title" : "Untitled",
        "transform" : [
          0.9994816,
          -1.4248498e-09,
          0.03219345,
          0,
          0.006457823,
          0.9796742,
          -0.20049089,
          0,
          -0.03153913,
          0.20059493,
          0.97916645,
          0,
          -0.000515759,
          0.8351015,
          1.9623556,
          1
        ]
      },
      {
        "date" : 742395423.695305,
        "title" : "Untitled",
        "transform" : [
          0.9994815,
          -1.4248496e-09,
          0.032193445,
          0,
          0.006457823,
          0.9796742,
          -0.20049089,
          0,
          -0.03153913,
          0.20059493,
          0.97916645,
          0,
          -0.15885116,
          1.0103257,
          4.931717,
          1
        ]
      },
      {
        "date" : 742395416.685103,
        "title" : "Untitled",
        "transform" : [
          0.99999994,
          0,
          0,
          0,
          0,
          0.8660254,
          -0.49999994,
          0,
          0,
          0.49999994,
          0.8660254,
          0,
          0,
          1.1773746,
          2.039273,
          1
        ]
      },
      {
        "date" : 742395401.068494,
        "title" : "Untitled",
        "transform" : [
          0.99999994,
          0,
          0,
          0,
          0,
          0.8660254,
          -0.49999994,
          0,
          0,
          0.49999994,
          0.8660254,
          0,
          0,
          0.22970536,
          0.39786142,
          1
        ]
      }
    ],
    "26DBAE76-5DD8-47B6-A085-1B4ADA111097" : [
      {
        "date" : 742395374.603002,
        "title" : "Untitled",
        "transform" : [
          -0.18558641,
          1.7406402e-08,
          0.982628,
          0,
          0.15185696,
          0.98798627,
          0.028680822,
          0,
          -0.970823,
          0.15454158,
          -0.18335669,
          0,
          -0.84821963,
          0.51743966,
          -0.26384425,
          1
        ]
      },
      {
        "date" : 742395252.069155,
        "title" : "Untitled",
        "transform" : [
          -0.18558641,
          1.7406402e-08,
          0.982628,
          0,
          0.15185697,
          0.9879864,
          0.028680826,
          0,
          -0.9708231,
          0.1545416,
          -0.1833567,
          0,
          -2.0087657,
          0.9807735,
          -0.07816422,
          1
        ]
      },
      {
        "date" : 742372178.057956,
        "title" : "Untitled",
        "transform" : [
          -0.63877445,
          1.8967533e-08,
          0.7693941,
          0,
          0.016899172,
          0.9997588,
          0.0140301995,
          0,
          -0.76920867,
          0.021964172,
          -0.6386203,
          0,
          -0.9021594,
          0.25684887,
          -0.5807592,
          1
        ]
      },
      {
        "date" : 742372160.683285,
        "title" : "Untitled",
        "transform" : [
          0.99647343,
          1.497252e-08,
          -0.08390935,
          0,
          -0.016217805,
          0.9811441,
          -0.19259608,
          0,
          0.08232716,
          0.19327766,
          0.9776841,
          0,
          -0.10008779,
          0.29884338,
          0.84432185,
          1
        ]
      },
      {
        "date" : 742372152.694334,
        "title" : "Untitled",
        "transform" : [
          0.99647343,
          1.497252e-08,
          -0.08390935,
          0,
          -0.016217807,
          0.9811442,
          -0.19259611,
          0,
          0.08232716,
          0.19327766,
          0.9776841,
          0,
          -0.137786,
          0.019853354,
          1.8365694,
          1
        ]
      },
      {
        "date" : 742372148.091368,
        "title" : "Untitled",
        "transform" : [
          0.9763069,
          1.48537405e-08,
          -0.21639057,
          0,
          -0.09336786,
          0.90212333,
          -0.42125538,
          0,
          0.19521096,
          0.43147838,
          0.8807492,
          0,
          0.09307188,
          0.5172077,
          1.6023816,
          1
        ]
      },
      {
        "date" : 742372144.474382,
        "title" : "Untitled",
        "transform" : [
          0.9599423,
          5.6668314e-09,
          -0.2801976,
          0,
          -0.24215193,
          0.5031169,
          -0.82959986,
          0,
          0.14097217,
          0.8642184,
          0.48296323,
          0,
          -0.17782736,
          0.17382997,
          0.22989982,
          1
        ]
      },
      {
        "date" : 742372138.839876,
        "title" : "Untitled",
        "transform" : [
          0.9599423,
          5.6668314e-09,
          -0.2801976,
          0,
          -0.24215193,
          0.5031169,
          -0.82959986,
          0,
          0.14097217,
          0.8642184,
          0.48296323,
          0,
          0.1056289,
          0.7154826,
          0.42488563,
          1
        ]
      },
      {
        "date" : 742372130.683644,
        "title" : "Untitled",
        "transform" : [
          0.9599423,
          5.6668314e-09,
          -0.2801976,
          0,
          -0.2421519,
          0.50311685,
          -0.82959974,
          0,
          0.14097215,
          0.8642183,
          0.48296317,
          0,
          0.14890182,
          0.91650647,
          0.45961016,
          1
        ]
      },
      {
        "date" : 742371823.099997,
        "title" : "Untitled",
        "transform" : [
          0.99999994,
          0,
          -0,
          0,
          -0,
          0.8660254,
          -0.49999988,
          0,
          0,
          0.49999988,
          0.8660254,
          0,
          0,
          0.19690925,
          0.34125686,
          1
        ]
      }
    ],
    "84812541-7442-4482-BE17-88966745AB6A" : [
      {
        "date" : 742395785.521503,
        "title" : "Untitled",
        "transform" : [
          0.99999994,
          0,
          0,
          0,
          0,
          0.8660254,
          -0.49999994,
          0,
          0,
          0.49999994,
          0.8660254,
          0,
          0,
          0.83330035,
          1.4433186,
          1
        ]
      },
      {
        "date" : 742395632.03318,
        "title" : "Untitled",
        "transform" : [
          0.99999994,
          0,
          0,
          0,
          0,
          0.8660254,
          -0.49999994,
          0,
          0,
          0.49999994,
          0.8660254,
          0,
          0,
          0.42759043,
          0.7406084,
          1
        ]
      },
      {
        "date" : 742395630.532997,
        "title" : "Untitled",
        "transform" : [
          0.99999994,
          0,
          0,
          0,
          0,
          0.8660254,
          -0.49999994,
          0,
          0,
          0.49999994,
          0.8660254,
          0,
          0,
          0.6250664,
          1.0826468,
          1
        ]
      },
      {
        "date" : 742395369.659652,
        "title" : "Untitled",
        "transform" : [
          0.99999994,
          0,
          0,
          0,
          0,
          0.8660254,
          -0.49999994,
          0,
          0,
          0.49999994,
          0.8660254,
          0,
          0,
          0.8095575,
          1.4021949,
          1
        ]
      },
      {
        "date" : 742395335.835379,
        "title" : "Untitled",
        "transform" : [
          0.99999994,
          0,
          0,
          0,
          0,
          0.8660254,
          -0.49999994,
          0,
          0,
          0.49999994,
          0.8660254,
          0,
          0,
          0.5200824,
          0.9008093,
          1
        ]
      },
      {
        "date" : 742395334.118022,
        "title" : "Untitled",
        "transform" : [
          0.99999994,
          0,
          -0,
          0,
          -0,
          0.8660254,
          -0.49999994,
          0,
          0,
          0.49999994,
          0.8660254,
          0,
          0,
          0.19901821,
          0.3447097,
          1
        ]
      }
    ],
    "D147D4B1-C376-4BA0-8432-6D888CBBDD96" : [
      {
        "date" : 742395472.134655,
        "title" : "Untitled",
        "transform" : [
          0.99999994,
          0,
          0,
          0,
          0,
          0.8660254,
          -0.49999994,
          0,
          0,
          0.49999994,
          0.8660254,
          0,
          0,
          0.770356,
          1.334296,
          1
        ]
      },
      {
        "date" : 742395467.931276,
        "title" : "Untitled",
        "transform" : [
          0.99999994,
          0,
          -0,
          0,
          -0,
          0.8660254,
          -0.49999994,
          0,
          0,
          0.49999994,
          0.8660254,
          0,
          0,
          0.19901821,
          0.3447097,
          1
        ]
      }
    ],
    "F9ED68A5-7FC9-4631-92D3-E2133EA37C49" : [
      {
        "date" : 742395589.783397,
        "title" : "Untitled",
        "transform" : [
          0.99935347,
          -4.656297e-10,
          0.03595213,
          0,
          0.009185395,
          0.9668118,
          -0.2553244,
          0,
          -0.03475894,
          0.25548956,
          0.96618676,
          0,
          -0.0813476,
          0.4880504,
          1.5794451,
          1
        ]
      },
      {
        "date" : 742395566.809847,
        "title" : "Untitled",
        "transform" : [
          0.99935347,
          -4.656297e-10,
          0.03595213,
          0,
          0.009185395,
          0.9668118,
          -0.2553244,
          0,
          -0.03475894,
          0.25548956,
          0.96618676,
          0,
          -0.11460992,
          0.7325387,
          2.5040298,
          1
        ]
      },
      {
        "date" : 742395523.621391,
        "title" : "Untitled",
        "transform" : [
          0.99935347,
          -7.961187e-12,
          0.03595213,
          0,
          0.009185395,
          0.96681184,
          -0.2553244,
          0,
          -0.034758944,
          0.25548956,
          0.96618676,
          0,
          0.010286696,
          0.17117576,
          2.0499063,
          1
        ]
      },
      {
        "date" : 742395515.561572,
        "title" : "Untitled",
        "transform" : [
          0.99999994,
          0,
          0,
          0,
          0,
          0.8660254,
          -0.49999994,
          0,
          0,
          0.49999994,
          0.8660254,
          0,
          0.08397857,
          0.41522402,
          1.434793,
          1
        ]
      },
      {
        "date" : 742395513.433368,
        "title" : "Untitled",
        "transform" : [
          0.99999994,
          0,
          0,
          0,
          0,
          0.8660254,
          -0.49999994,
          0,
          0,
          0.49999994,
          0.8660254,
          0,
          0.0700802,
          0.4258163,
          1.4286776,
          1
        ]
      },
      {
        "date" : 742395511.745781,
        "title" : "Untitled",
        "transform" : [
          0.99999994,
          0,
          0,
          0,
          0,
          0.8660254,
          -0.49999994,
          0,
          0,
          0.49999994,
          0.8660254,
          0,
          0.07974649,
          0.59533346,
          1.3308067,
          1
        ]
      },
      {
        "date" : 742395510.069014,
        "title" : "Untitled",
        "transform" : [
          0.99999994,
          0,
          0,
          0,
          0,
          0.8660254,
          -0.49999994,
          0,
          0,
          0.49999994,
          0.8660254,
          0,
          0.20778298,
          1.5511674,
          3.4674754,
          1
        ]
      },
      {
        "date" : 742395499.313887,
        "title" : "Untitled",
        "transform" : [
          0.99999994,
          0,
          -0,
          0,
          -0,
          0.8660254,
          -0.49999994,
          0,
          0,
          0.49999994,
          0.8660254,
          0,
          0,
          0.19901821,
          0.3447097,
          1
        ]
      }
    ]
  },
  "selectedSceneRelativePath" : "Scene.usda"
}